            Acc   P   CI
RelaxedEnu: .545  0.032304  (0.031850303120848612, 0.032762152954741053)
Enu:       .5275  0.140193  (0.13929991871892283, 0.14108950685496668)
Typical:    .505  0.455536  (0.45425290204587343, 0.45681952117779634)
